200        200.17   0.2703    142.77    493.47   6.46260
220        220.22   0.3770    157.07    389.15   6.55812
240        240.27   0.5109    171.38    313.27   6.64535
260        260.32   0.6757    185.70    256.58   6.72562
280        280.39   0.8756    200.02    213.26   6.79998
290        290.43   0.9899    207.19    195.36   6.83521
298.15     298.62   1.0907    213.04    182.29   6.86305
300        300.47   1.1146    214.36    179.49   6.86926
320        320.58   1.3972    228.73    152.73   6.93413
340        340.70   1.7281    243.11    131.20   6.99515
360        360.86   2.1123    257.53    113.65   7.05276
380        381.06   2.5548    271.99    99.188   7.10735
400        401.30   3.0612    286.49    87.137   7.15926
420        421.59   3.6373    301.04    77.003   7.20875
440        441.93   4.2892    315.64    68.409   7.25607
460        462.34   5.0233    330.31    61.066   7.30142
480        482.81   5.8466    345.04    54.748   7.34499
500        503.36   6.7663    359.84    49.278   7.38692
520        523.98   7.7900    374.73    44.514   7.42736
540        544.69   8.9257    389.69    40.344   7.46642
560        565.47   10.182    404.74    36.676   7.50422
580        586.35   11.568    419.87    33.436   7.54084
600        607.32   13.092    435.10    30.561   7.57638
620        628.38   14.766    450.42    28.001   7.61090
640        649.53   16.598    465.83    25.713   7.64448
660        670.78   18.600    481.34    23.662   7.67717
680        692.12   20.784    496.94    21.818   7.70903
700        713.56   23.160    512.64    20.155   7.74010
720        735.10   25.742    528.44    18.652   7.77044
740        756.73   28.542    544.33    17.289   7.80008
760        778.46   31.573    560.32    16.052   7.82905
780        800.28   34.851    576.40    14.925   7.85740
800        822.20   38.388    592.58    13.897   7.88514
850        877.40   48.468    633.42    11.695   7.95207
900        933.15   60.520    674.82    9.9169   8.01581
950        989.44   74.815    716.76    8.4677   8.07667
1000       1046.22  91.651    759.19    7.2760   8.13493
1050       1103.48  111.35    802.10    6.2885   8.19081
1100       1161.18  134.25    845.45    5.4641   8.24449
1150       1219.30  160.73    889.21    4.7714   8.29616
1200       1277.81  191.17    933.37    4.1859   8.34596
1250       1336.68  226.02    977.89    3.6880   8.39402
1300       1395.89  265.72    1022.75   3.2626   8.44046
1350       1455.43  310.74    1067.94   2.8971   8.48539
1400       1515.27  361.62    1113.43   2.5817   8.52891
1450       1575.40  418.89    1159.20   2.3083   8.57111
1500       1635.80  483.16    1205.25   2.0703   8.61208
1550       1696.45  554.96    1251.55   1.8625   8.65185
1600       1757.33  634.97    1298.08   1.6804   8.69051
1650       1818.44  723.86    1344.83   1.52007  8.72811
1700       1879.76  822.33    1391.80   1.37858  8.76472
1750       1941.28  931.14    1438.97   1.25330  8.80039
1800       2002.99  1051.05   1486.33   1.14204  8.83516
1850       2064.88  1l82.9    1533.87   1.04294  8.86908
1900       2126.95  1327.5    1581.59   0.95445  8.90219
1950       2189.19  1485.8    1629.47   0.87521  8.93452
2000       2251.58  1658.6    1677.52   0.80410  8.96611
2050       2314.13  1847.1    1725.71   0.74012  8.99699
2100       2376.82  2052.1    1774.06   0.68242  9.02721
2150       2439.66  2274.8    1822.54   0.63027  9.05678
2200       2502.63  2516.2    1871.16   0.58305  9.08573
2250       2565.73  2777.5    1919.91   0.54020  9.11409
2300       2628.96  3059.9    1968.79   0.50124  9.14189
2350       2692.31  3364.6    2017.79   0.46576  9.16913
2400       2755.78  3693.0    2066.91   0.43338  9.19586
2450       2819.37  4046.2    2116.14   0.40378  9.22208
2500       2883.06  4425.8    2165.48   0.37669  9.24781
2550       2946.86  4833.0    2214.93   0.35185  9.27308
2600       3010.76  5269.5    2264.48   0.32903  9.29790
2650       3074.77  5736.7    2314.13   0.30805  9.32228
2700       3138.87  6236.2    2363.88   0.28872  9.34625
2750       3203.06  6769.7    2413.73   0.27089  9.36980
2800       3267.35  7338.7    2463.66   0.25443  9.39297
2850       3331.73  7945.1    2513.69   0.23921  9.41576
2900       3396.19  8590.7    2563.80   0.22511  9.43818
2950       3460.73  9277.2    2613.99   0.21205  9.46025
3000       3525.36  10007     2664.27   0.19992  9.48198 









































































































































































































































































































































































































   
		  